FileName,UsedPackage
AbstractElementVisitor6_5,True
SimpleTypeVisitor8_3,True
TypeKindVisitor6_5,True
